0
12.1189516129
0.227822580645
0.23689516129
0.248991935484
0.234879032258
0.964717741935
0.241935483871
0.241935483871
0.241935483871
0.241935483871
0.967741935484
0.241935483871
0.241935483871
0.241935483871
0.241935483871
0.760080645161
0.220766129032
0.223790322581
0.260080645161
0.239919354839
0.242943548387
0.977822580645
0.227822580645
0.23689516129
0.248991935484
0.234879032258
0.964717741935
0.241935483871
0.241935483871
0.241935483871
0.241935483871
0.967741935484
0.241935483871
0.241935483871
0.241935483871
0.241935483871
0.760080645161
0.220766129032
0.223790322581
0.260080645161
0.239919354839
0.242943548387
0.95564516129
0.241935483871
0.241935483871
0.241935483871
0.241935483871
0.725806451613
0.241935483871
0.241935483871
0.241935483871
0.241935483871
0.241935483871
0.967741935484
0.241935483871
0.241935483871
0.241935483871
0.241935483871
0.241935483871
0.241935483871
0.241935483871
0.241935483871
0.241935483871
0.241935483871
0.241935483871
0.241935483871
1.01411290323
0.221774193548
0.233870967742
0.228830645161
0.25
0.954637096774
0.241935483871
0.241935483871
0.241935483871
0.241935483871
0.73689516129
0.197580645161
0.302419354839
0.251008064516
0.240927419355
0.20564516129
0.972782258065
0.242943548387
0.251008064516
0.247983870968
0.241935483871
0.221774193548
1.6935483871
0.241935483871
1.73387096774
0.242943548387
1.65221774194
0.26310483871
1.73185483871
0.204637096774
1.67137096774
0.241935483871
1.45161290323
0.241935483871
0.241935483871
0.967741935484
0.725806451613
0.241935483871
0.967741935484
0.241935483871
0.241935483871
0.241935483871
0.241935483871
0.241935483871
1.45161290323
0.241935483871
1.20967741935
0.241935483871
0.241935483871
0.241935483871
0.241935483871
1.45161290323
0.241935483871
1.22782258065
0.225806451613
0.260080645161
0.248991935484
0.214717741935
0.725806451613
0.725806451613
0.967741935484
0.241935483871
0.241935483871
0.241935483871
0.241935483871
0.241935483871
0.241935483871
0.725806451613
0.725806451613
1.20967741935
0.241935483871
0.241935483871
0.241935483871
0.241935483871
0.241935483871
1.45161290323
0.241935483871
1.20967741935
0.241935483871
0.241935483871
0.241935483871
0.241935483871
1.45161290323
0.241935483871
1.22782258065
0.225806451613
0.260080645161
0.248991935484
0.214717741935
0.725806451613
0.725806451613
0.725806451613
0.241935483871
0.241935483871
0.241935483871
0.241935483871
0.241935483871
0.241935483871
0.241935483871
0.725806451613
0.725806451613
0.241935483871
2.68346774194
0.227822580645
0.23689516129
0.248991935484
0.234879032258
0.964717741935
0.241935483871
0.241935483871
0.241935483871
0.241935483871
0.967741935484
0.241935483871
0.241935483871
0.241935483871
0.241935483871
0.760080645161
0.220766129032
0.223790322581
0.260080645161
0.239919354839
0.242943548387
0.977822580645
0.227822580645
0.23689516129
0.248991935484
0.234879032258
0.964717741935
0.241935483871
0.241935483871
0.241935483871
0.241935483871
0.725806451613
0.241935483871
0.241935483871
0.241935483871
0.241935483871
0.241935483871
0.980846774194
0.223790322581
0.260080645161
0.239919354839
0.242943548387
0.713709677419
0.241935483871
0.241935483871
0.241935483871
0.241935483871
0.241935483871
0.967741935484
0.241935483871
0.241935483871
0.241935483871
0.241935483871
0.725806451613
0.241935483871
0.241935483871
0.241935483871
0.241935483871
0.241935483871
0.241935483871
0.241935483871
0.241935483871
0.241935483871
0.241935483871
0.241935483871
0.241935483871
0.241935483871
1.01411290323
0.221774193548
0.233870967742
0.228830645161
0.25
1.19657258065
0.241935483871
0.241935483871
0.241935483871
0.73689516129
0.197580645161
0.302419354839
0.251008064516
0.240927419355
0.20564516129
0.972782258065
0.242943548387
0.251008064516
0.247983870968
0.241935483871
0.221774193548
1.6935483871
0.241935483871
1.73387096774
0.242943548387
1.65221774194
0.26310483871
1.73185483871
0.204637096774
1.67137096774
0.241935483871
1.45161290323
0.241935483871
0.241935483871
0.967741935484
0.725806451613
0.241935483871
0.967741935484
0.241935483871
0.241935483871
0.241935483871
0.241935483871
0.241935483871
1.45161290323
0.241935483871
1.20967741935
0.241935483871
0.241935483871
0.241935483871
0.241935483871
1.45161290323
0.241935483871
1.22782258065
0.225806451613
0.260080645161
0.248991935484
0.214717741935
0.725806451613
0.725806451613
0.967741935484
0.241935483871
0.241935483871
0.241935483871
0.241935483871
0.241935483871
0.241935483871
0.725806451613
0.725806451613
1.20967741935
0.241935483871
0.241935483871
0.241935483871
0.241935483871
0.241935483871
1.45161290323
0.241935483871
1.20967741935
0.241935483871
0.241935483871
0.241935483871
0.241935483871
1.45161290323
0.241935483871
1.22782258065
0.225806451613
0.260080645161
0.248991935484
0.214717741935
0.725806451613
0.725806451613
0.725806451613
0.241935483871
0.241935483871
0.241935483871
0.241935483871
0.241935483871
0.241935483871
0.241935483871
0.725806451613
0.725806451613
0.241935483871
2.17741935484
0.725806451613
0.725806451613
0.967741935484
0.241935483871
0.241935483871
0.241935483871
0.241935483871
0.241935483871
0.241935483871
0.725806451613
0.725806451613
0.725806451613
0.241935483871
0.241935483871
0.241935483871
0.241935483871
0.241935483871
0.241935483871
0.241935483871
0.725806451613
0.725806451613
0.725806451613
0.241935483871
0.241935483871
0.241935483871
0.241935483871
0.241935483871
0.241935483871
0.241935483871
0.725806451613
0.725806451613
1.20967741935
0.241935483871
0.241935483871
0.241935483871
0.241935483871
0.241935483871
1.45161290323
0.241935483871
1.20967741935
0.241935483871
0.241935483871
0.241935483871
0.241935483871
1.45161290323
0.241935483871
1.22782258065
0.225806451613
0.260080645161
0.248991935484
0.214717741935
0.725806451613
0.725806451613
0.967741935484
0.241935483871
0.241935483871
0.241935483871
0.241935483871
0.241935483871
0.241935483871
0.725806451613
0.725806451613
1.45161290323
0.241935483871
0.241935483871
0.241935483871
0.241935483871
1.45161290323
0.241935483871
1.20967741935
0.241935483871
0.241935483871
0.241935483871
0.241935483871
1.45161290323
0.241935483871
1.22782258065
0.225806451613
0.260080645161
0.248991935484
0.214717741935
0.725806451613
0.725806451613
0.725806451613
0.241935483871
0.241935483871
0.241935483871
0.241935483871
0.241935483871
0.241935483871
0.241935483871
0.725806451613
0.725806451613
0.241935483871
4.65927419355
0.245967741935
0.226814516129
0.247983870968
0.241935483871
0.252016129032
0.17439516129
0.725806451613
0.725806451613
0.788306451613
1.6310483871
0.725806451613
0.725806451613
0.967741935484
0.241935483871
0.241935483871
0.241935483871
0.241935483871
0.241935483871
0.241935483871
0.725806451613
0.725806451613
0.241935483871
