0.0	01000	000000
12.1189516129	00000	000000
0.227822580645	00000	000000
0.23689516129	00000	000500
0.248991935484	00000	100010
0.234879032258	00000	000000
0.964717741935	00000	000000
0.241935483871	00001	000000
0.241935483871	00010	000000
0.241935483871	00000	000000
0.241935483871	00000	000000
0.967741935484	00000	001000
0.241935483871	00010	021000
0.241935483871	00000	040000
0.241935483871	00100	000010
0.241935483871	00000	000000
0.760080645161	01000	000010
0.220766129032	00000	000000
0.223790322581	00000	000000
0.260080645161	00000	000001
0.239919354839	00000	000000
0.242943548387	00000	000000
0.977822580645	00000	010000
0.227822580645	00000	000000
0.23689516129	00101	000000
0.248991935484	00000	000000
0.234879032258	00000	000000
0.964717741935	00000	000000
0.241935483871	00000	000205
0.241935483871	00100	000000
0.241935483871	00000	000000
0.241935483871	00010	000000
0.967741935484	00100	500000
0.241935483871	00000	000010
0.241935483871	00000	000000
0.241935483871	00000	000000
0.241935483871	00000	000000
0.760080645161	00000	000000
0.220766129032	00000	000010
0.223790322581	00000	002000
0.260080645161	01000	000100
0.239919354839	00010	000000
0.242943548387	00000	000000
0.95564516129	00000	000000
0.241935483871	00000	000010
0.241935483871	00000	000100
0.241935483871	00100	000000
0.241935483871	00100	000000
0.725806451613	01000	000100
0.241935483871	10000	000000
0.241935483871	00000	000000
0.241935483871	00000	000000
0.241935483871	00000	000000
0.241935483871	00000	000000
0.967741935484	00100	000010
0.241935483871	00100	000000
0.241935483871	00100	000000
0.241935483871	00000	000000
0.241935483871	00000	000300
0.241935483871	00000	001000
0.241935483871	00000	000000
0.241935483871	10000	000000
0.241935483871	00000	000000
0.241935483871	00000	000000
0.241935483871	01100	000000
0.241935483871	00000	000000
0.241935483871	00000	010000
1.01411290323	00000	000000
0.221774193548	00000	000000
0.233870967742	00000	000000
0.228830645161	00010	000050
0.25	10000	000000
0.954637096774	00100	000000
0.241935483871	00000	001200
0.241935483871	00000	000000
0.241935483871	00000	000000
0.241935483871	00100	000000
0.73689516129	00000	000010
0.197580645161	00000	050000
0.302419354839	00000	000000
0.251008064516	00100	000000
0.240927419355	00000	003000
0.20564516129	00000	000001
0.972782258065	00000	000000
0.242943548387	00100	100000
0.251008064516	00000	002000
0.247983870968	00000	000000
0.241935483871	00000	000000
0.221774193548	01000	000000
1.6935483871	00000	000000
0.241935483871	00000	000000
1.73387096774	00100	000000
0.242943548387	00000	000000
1.65221774194	00000	000000
0.26310483871	00000	100000
1.73185483871	00000	000001
0.204637096774	00000	000000
1.67137096774	00000	000000
0.241935483871	00000	020000
1.45161290323	00000	000000
0.241935483871	00000	020000
0.241935483871	00000	000000
0.967741935484	00001	000100
0.725806451613	00000	000010
0.241935483871	00000	000000
0.967741935484	00000	000000
0.241935483871	00000	000000
0.241935483871	00100	000000
0.241935483871	00000	020000
0.241935483871	00000	000000
0.241935483871	01000	000000
1.45161290323	00000	000000
0.241935483871	11000	000000
1.20967741935	00000	000050
0.241935483871	01000	000000
0.241935483871	00000	000000
0.241935483871	00000	000000
0.241935483871	00000	000000
1.45161290323	00000	000000
0.241935483871	00000	000000
1.22782258065	01001	000000
0.225806451613	00000	000100
0.260080645161	00000	000000
0.248991935484	00000	000000
0.214717741935	00000	000000
0.725806451613	00000	000000
0.725806451613	00000	000010
0.967741935484	00000	000000
0.241935483871	01000	000100
0.241935483871	00000	000000
0.241935483871	00000	000000
0.241935483871	00000	000000
0.241935483871	00000	100000
0.241935483871	00000	000000
0.725806451613	00000	000000
0.725806451613	01000	000000
1.20967741935	10000	000100
0.241935483871	00000	000000
0.241935483871	00000	000000
0.241935483871	00000	000000
0.241935483871	00000	000010
0.241935483871	00000	000000
1.45161290323	00000	000000
0.241935483871	00000	000000
1.20967741935	00000	000001
0.241935483871	00000	000000
0.241935483871	00100	003000
0.241935483871	00000	003000
0.241935483871	00001	002000
1.45161290323	00000	010000
0.241935483871	00000	000000
1.22782258065	00000	000000
0.225806451613	00000	000000
0.260080645161	00000	000000
0.248991935484	00000	000000
0.214717741935	00000	000000
0.725806451613	00010	000000
0.725806451613	00000	000000
0.725806451613	00000	000000
0.241935483871	00000	000000
0.241935483871	00000	000000
0.241935483871	00000	000000
0.241935483871	00001	000000
0.241935483871	00000	000000
0.241935483871	00000	000010
0.241935483871	00000	000100
0.725806451613	00000	000000
0.725806451613	00000	000000
0.241935483871	00100	000000
2.68346774194	10000	000000
0.227822580645	00000	000000
0.23689516129	00000	010000
0.248991935484	00000	001000
0.234879032258	00000	000200
0.964717741935	00000	100000
0.241935483871	00000	000000
0.241935483871	00100	000000
0.241935483871	00000	000000
0.241935483871	00000	000000
0.967741935484	00000	000000
0.241935483871	00000	000000
0.241935483871	00000	000000
0.241935483871	00000	000001
0.241935483871	00000	000000
0.760080645161	01000	000100
0.220766129032	00100	000000
0.223790322581	00000	000000
0.260080645161	00001	020000
0.239919354839	00000	000000
0.242943548387	00010	000000
0.977822580645	00000	000000
0.227822580645	00010	000000
0.23689516129	01010	000000
0.248991935484	00000	000000
0.234879032258	00000	000000
0.964717741935	00000	000000
0.241935483871	00001	000000
0.241935483871	00100	000100
0.241935483871	00000	000000
0.241935483871	00000	000000
0.725806451613	00100	000000
0.241935483871	00000	011000
0.241935483871	00000	100300
0.241935483871	00000	000000
0.241935483871	00000	000001
0.241935483871	00000	000000
0.980846774194	00000	010000
0.223790322581	00000	000000
0.260080645161	00100	000000
0.239919354839	00000	100000
0.242943548387	00000	000000
0.713709677419	00000	000000
0.241935483871	00000	000000
0.241935483871	00000	000000
0.241935483871	01000	000010
0.241935483871	00000	000000
0.241935483871	01000	000000
0.967741935484	00000	100000
0.241935483871	00000	000000
0.241935483871	00000	000000
0.241935483871	00000	000000
0.241935483871	00000	000000
0.725806451613	00000	000000
0.241935483871	00000	000000
0.241935483871	01000	000000
0.241935483871	00000	000000
0.241935483871	00000	010000
0.241935483871	00000	100001
0.241935483871	00000	000000
0.241935483871	01000	000000
0.241935483871	00000	002000
0.241935483871	00000	000010
0.241935483871	00100	000000
0.241935483871	00000	100300
0.241935483871	00000	000000
0.241935483871	00000	000000
1.01411290323	00000	000000
0.221774193548	00000	001000
0.233870967742	00000	000300
0.228830645161	00001	000001
0.25	00000	001200
1.19657258065	01000	000000
0.241935483871	00000	000010
0.241935483871	01000	010201
0.241935483871	00000	000000
0.73689516129	00000	000200
0.197580645161	00000	000000
0.302419354839	00001	000000
0.251008064516	01000	000000
0.240927419355	00000	000000
0.20564516129	10000	010000
0.972782258065	00000	000050
0.242943548387	00000	001000
0.251008064516	00000	000200
0.247983870968	00000	100000
0.241935483871	00000	000000
0.221774193548	00010	000000
1.6935483871	00100	500001
0.241935483871	00000	000000
1.73387096774	00000	000500
0.242943548387	00000	000000
1.65221774194	00000	001000
0.26310483871	00000	100001
1.73185483871	00000	000000
0.204637096774	00010	000001
1.67137096774	00000	000000
0.241935483871	00000	000000
1.45161290323	00011	005001
0.241935483871	00100	000000
0.241935483871	00101	010000
0.967741935484	10000	000000
0.725806451613	00000	000000
0.241935483871	00100	000001
0.967741935484	00000	000000
0.241935483871	00000	113000
0.241935483871	00010	000000
0.241935483871	00000	010000
0.241935483871	00100	000000
0.241935483871	00000	000000
1.45161290323	00000	000000
0.241935483871	10001	000000
1.20967741935	00000	000000
0.241935483871	00000	012000
0.241935483871	00000	000010
0.241935483871	00000	000000
0.241935483871	00000	000000
1.45161290323	00000	000000
0.241935483871	00000	000000
1.22782258065	01000	000000
0.225806451613	00000	000001
0.260080645161	00000	100000
0.248991935484	00000	000050
0.214717741935	00000	000000
0.725806451613	00000	100000
0.725806451613	00000	000010
0.967741935484	00000	000100
0.241935483871	10000	000010
0.241935483871	00000	000000
0.241935483871	00000	000000
0.241935483871	00100	000001
0.241935483871	00000	000000
0.241935483871	00000	001000
0.725806451613	00001	000000
0.725806451613	00000	000000
1.20967741935	10000	000000
0.241935483871	00000	000000
0.241935483871	00000	000000
0.241935483871	00000	030000
0.241935483871	00000	000000
0.241935483871	00000	000000
1.45161290323	00000	000000
0.241935483871	00000	000010
1.20967741935	00000	000100
0.241935483871	00000	000000
0.241935483871	00000	000010
0.241935483871	00000	000000
0.241935483871	00000	000000
1.45161290323	00000	000000
0.241935483871	00000	000000
1.22782258065	00000	000000
0.225806451613	10001	000000
0.260080645161	00000	010000
0.248991935484	01000	000000
0.214717741935	00000	000000
0.725806451613	10000	000000
0.725806451613	00000	000000
0.725806451613	00000	000000
0.241935483871	00000	000100
0.241935483871	00000	000001
0.241935483871	00000	000000
0.241935483871	00000	010000
0.241935483871	00000	000000
0.241935483871	00100	000100
0.241935483871	00000	000000
0.725806451613	00000	000010
0.725806451613	00000	000010
0.241935483871	00000	001100
2.17741935484	00000	000000
0.725806451613	00000	000000
0.725806451613	00000	000000
0.967741935484	00000	000010
0.241935483871	00000	000000
0.241935483871	00100	000000
0.241935483871	00000	000000
0.241935483871	00000	000000
0.241935483871	00000	000000
0.241935483871	00000	001000
0.725806451613	00000	000000
0.725806451613	10000	000000
0.725806451613	00000	000000
0.241935483871	00000	010000
0.241935483871	00000	000000
0.241935483871	00000	000100
0.241935483871	00000	000000
0.241935483871	10000	000000
0.241935483871	00000	000000
0.241935483871	00000	400000
0.725806451613	00000	000000
0.725806451613	00000	000000
0.725806451613	11000	010000
0.241935483871	10000	000000
0.241935483871	00000	020000
0.241935483871	00000	000000
0.241935483871	00001	500000
0.241935483871	01000	000000
0.241935483871	00000	000000
0.241935483871	00000	000000
0.725806451613	00000	000000
0.725806451613	01001	000000
1.20967741935	00000	000000
0.241935483871	00000	010000
0.241935483871	00000	002010
0.241935483871	00000	110000
0.241935483871	00000	000000
0.241935483871	00000	000000
1.45161290323	01000	000000
0.241935483871	01000	000000
1.20967741935	00000	000000
0.241935483871	00000	000000
0.241935483871	00000	021000
0.241935483871	00000	000000
0.241935483871	00000	000000
1.45161290323	00000	000000
0.241935483871	00000	000010
1.22782258065	10000	000000
0.225806451613	00010	000000
0.260080645161	00000	010001
0.248991935484	00000	001015
0.214717741935	00000	000000
0.725806451613	00000	000000
0.725806451613	00000	000000
0.967741935484	00000	000000
0.241935483871	10000	000000
0.241935483871	00000	000000
0.241935483871	00000	000000
0.241935483871	00000	000000
0.241935483871	00000	000000
0.241935483871	00000	000000
0.725806451613	00010	000000
0.725806451613	00000	020000
1.45161290323	10000	000000
0.241935483871	00000	000000
0.241935483871	00000	000000
0.241935483871	10000	000000
0.241935483871	00100	000000
1.45161290323	00000	010000
0.241935483871	00000	000000
1.20967741935	00000	000000
0.241935483871	10000	000000
0.241935483871	00000	000000
0.241935483871	00000	000000
0.241935483871	00000	000000
1.45161290323	00000	001000
0.241935483871	00100	001000
1.22782258065	01000	000000
0.225806451613	00000	000000
0.260080645161	10000	000001
0.248991935484	00000	000001
0.214717741935	00001	000000
0.725806451613	00000	000000
0.725806451613	00000	000100
0.725806451613	00000	000000
0.241935483871	00000	310001
0.241935483871	01100	000000
0.241935483871	00000	000000
0.241935483871	00000	000010
0.241935483871	00000	000010
0.241935483871	00000	001000
0.241935483871	00000	300001
0.725806451613	00000	010000
0.725806451613	00001	000000
0.241935483871	00000	210000
4.65927419355	10001	000000
0.245967741935	00000	000101
0.226814516129	01000	000000
0.247983870968	00000	000000
0.241935483871	00000	000000
0.252016129032	10000	000000
0.17439516129	00000	001001
0.725806451613	00000	000001
0.725806451613	01000	000000
0.788306451613	00000	003000
1.6310483871	00000	000000
0.725806451613	00000	000000
0.725806451613	00000	000000
0.967741935484	00000	000500
0.241935483871	00001	000000
0.241935483871	00000	000001
0.241935483871	01000	000000
0.241935483871	00000	000000
0.241935483871	00000	000000
0.241935483871	00000	120000
0.725806451613	10000	100000
0.725806451613	00000	000000
0.241935483871	00000	000000
