0
0.51
0.51
0.54
0.54
0.54
0.51
0.51
0.54
0.6
0.6
0.6
0.6
0.6
0.6
0.6
0.6
0.6
1.14
0.54
0.51
0.57
1.44
0.54
1.32
0.54
1.32
0.54
0.51
0.57
0.6
0.6
0.6
0.6
1.44
0.54
0.51
0.57
0.6
0.54
0.54
0.51
0.57
0.6
0.6
0.6
0.6
0.6
0.6
0.6
0.6
0.6
0.6
0.6
0.6
0.6
46.59
0.84
0.84
0.84
0.84
0.84
0.84
0.84
0.81
0.84
0.84
0.84
0.84
0.84
0.84
1.8
0.84
0.84
0.84
0.84
0.84
0.84
0.84
0.9
0.84
0.84
0.84
0.84
0.84
0.84
0.84
0.84
0.84
0.84
0.84
0.84
0.84
0.84
0.84
0.81
0.84
0.84
0.84
0.84
0.84
0.84
0.84
0.84
0.84
0.84
0.84
0.84
0.84
0.84
62.04
0.51
0.57
0.51
0.57
1.08
0.51
0.57
0.51
0.57
0.51
7.89
0.51
0.57
0.51
0.57
0.51
0.51
0.51
0.54
0.54
0.54
0.51
0.51
0.54
0.6
0.6
0.6
0.6
0.6
0.6
0.6
0.6
0.6
1.14
0.54
0.51
0.57
0.6
0.54
0.54
1.32
0.54
1.32
0.54
0.51
0.57
0.6
0.6
0.6
0.6
1.44
0.54
0.51
0.57
0.6
0.54
0.54
0.51
0.57
0.6
0.6
0.6
0.6
0.6
0.6
0.6
0.6
0.6
0.6
0.6
0.6
0.6
30.87
0.66
0.96
0.54
1.32
0.54
0.51
0.57
0.6
0.6
0.6
0.6
1.44
0.66
0.6
0.6
0.6
0.6
0.6
0.6
0.6
0.6
0.6
0.6
0.6
61.89
0.54
0.51
0.57
0.6
0.54
0.54
0.51
0.57
0.6
7.86
0.54
0.51
0.57
0.6
37.59
15.33
0.64
0.64
0.64
0.64
0.64
0.64
0.64
23.68
0.64
0.64
0.64
0.64
0.64
0.64
0.64
31.36
0.64
0.64
0.64
0.64
0.64
0.64
0.64
0.6
0.6
0.6
0.6
0.6
0.6
0.6
0.6
0.6
0.6
0.72
0.72
7.92
0.72
0.72
0.72
0.72
0.72
0.72
0.72
0.72
0.72
0.72
0.6
0.6
0.6
0.6
0.6
0.6
0.6
0.54
0.54
0.54
0.54
0.54
0.78
0.72
0.72
0.72
0.72
0.72
0.72
0.72
0.72
0.72
0.72
0.96
0.72
0.72
0.72
1.68
0.72
0.72
0.72
0.72
0.96
0.6
0.6
0.6
0.6
0.6
0.6
0.6
0.6
0.6
0.6
0.6
0.6
0.6
0.6
0.6
0.6
0.6
0.6
0.6
0.54
0.54
0.54
0.54
0.54
0.78
0.6
0.6
0.6
0.6
0.6
0.6
0.6
0.6
0.6
0.6
0.6
0.6
0.96
0.6
0.6
0.6
0.6
0.6
0.6
0.6
0.6
0.6
0.6
0.6
0.6
0.6
0.6
0.6
0.6
0.6
0.6
0.6
0.6
0.6
0.6
0.6
0.6
0.6
0.6
0.6
0.6
0.6
0.6
0.6
0.6
0.6
0.6
0.6
0.6
0.6
0.6
0.6
0.6
0.6
0.6
0.6
0.6
0.6
0.6
0.6
0.6
0.6
1.32
0.72
0.72
0.72
0.72
0.72
6.63
0.72
0.81
0.54
0.56
0.6
0.6
0.78
0.78
0.54
0.6
0.78
2.94
3.3
0.9
0.66
0.66
0.78
0.99
0.78
0.54
0.6
0.78
0.54
2.16
1.02
0.78
1.38
0.54
0.54
0.54
0.84
0.66
0.66
0.72
0.54
0.72
6.0
0.78
0.99
0.78
0.51
5.22
