2.4484596506
0.549014399875
0.45589278805
0.46409704306
0.519970415234
0.435060950484
0.524985996824
0.431977597711
0.440000754286
0.439996424127
0.472045539307
0.463875925572
0.459029918607
0.469055564325
0.471971717076
0.448005821969
0.472014390097
0.903991987809
0.423988383999
0.416009576636
0.472360523474
0.455629346747
0.488021242923
0.448025866416
0.463935220817
0.451007949334
0.485089725091
0.456290254767
0.471631939255
0.447945828311
0.488054208007
0.47995171174
0.459071334485
0.461003214096
0.463985716062
0.463903512877
0.440051808261
0.432039896132
0.488014817526
0.464010160509
0.47200419327
0.472066840897
0.456892915161
0.463107671506
0.447940520373
0.463893525574
0.48002762921
0.448046469593
0.448016018796
0.455967029329
0.464010370033
0.455934343611
0.46417407799
0.479888784748
0.480005140318
0.456026673781
0.471868351983
0.440074227311
0.459053175753
0.455990426158
0.444987770792
0.495991739174
0.448008825144
0.432018315177
0.463984738284
0.472007615493
0.456005930921
0.46399493511
0.471925621832
0.464079303375
0.440121789222
0.463897436685
0.471965151996
0.483042956577
0.468923424625
0.432066156453
0.495966666155
0.464009950985
0.416976738664
0.458051162927
0.484979096505
0.463973912886
0.431986327871
0.480091114932
0.479871813317
0.472053012324
0.464022452574
0.447913491799
0.456067391247
0.495917497894
0.432086619948
0.463992560507
0.472003215492
0.471909348814
0.440092246361
0.439985179681
0.472039602799
0.463901766845
0.464095576393
0.447976698156
0.463929982721
0.472079831375
0.45598672457
0.456012216636
0.479973921267
0.467032611687
0.453011346414
0.448007218795
0.472067678993
0.455912203925
0.456610896078
0.463380820747
0.45603645156
0.455986584887
0.455969543615
0.432009864382
0.431999807238
0.458994229714
0.456031702353
0.508901270972
0.415983386157
0.451065777913
0.477031438353
0.479983629204
0.456017035685
0.512005576128
0.471982682157
0.448007148953
0.480000530794
0.447987733078
0.46400038273
0.415963481392
0.480051864134
0.434986499681
0.445021224765
0.479994943491
0.520009945398
0.423990688761
0.450988742983
0.448008685461
0.500982177903
0.448018602923
0.483009013715
0.444929173959
0.472057761531
0.447934444182
0.427074530422
0.445004323175
0.463929214467
0.472012015494
0.463918109704
0.475191260342
0.460928972816
0.440024360638
0.487995471491
0.479912600624
0.456063829341
0.432045902482
0.496050126483
0.487797471466
0.464100535124
0.467010472001
0.444932386658
0.456049581721
0.456007676953
0.472005939302
0.464000871619
0.471956282153
0.456043645212
0.472013552002
0.458998210666
0.436983820569
0.479976086346
0.440017166986
0.496012621716
0.474944231739
0.461088280773
0.439957941582
0.456024718225
0.426992885967
0.477000708191
0.447981517204
0.464020287495
0.455950826152
0.448057015626
0.448057574357
0.48786759211
0.472075990105
0.463984039871
0.49099829727
0.453012184509
0.464014420827
0.471978561521
0.442906291163
0.485103763188
0.448001910857
0.474884377763
0.472245774253
0.452999054349
0.447867047348
0.479986283173
0.491000462349
0.493007491176
0.424307279277
0.439687585992
0.455999086476
0.439899484432
0.472101342489
0.456056775372
0.479843527599
0.456089810297
0.464004712889
0.456025975368
0.458966502726
0.484987617141
0.442974107044
0.485046702863
0.439946697136
0.480058708579
0.448067352136
0.46392935415
0.488061750865
0.410978560124
0.484961706027
0.47216147583
0.447780094956
0.480075889533
0.416442033834
0.463573373152
0.456033797592
0.451023523939
0.460943849009
0.480015197462
0.471884974208
0.488084239757
0.440505986096
0.455477511807
0.456003486477
0.455979949966
0.472028986924
0.455964934091
0.472032688512
0.447927320372
0.464424458975
0.479624784714
0.440030087623
0.45599440711
0.495979796315
0.456014451557
0.451040984259
0.47685264468
0.464094039885
0.48002274032
0.515000928889
0.448000374349
0.431967610409
0.437038436449
0.431962511995
0.440036233655
0.434972042536
0.484936074278
0.435078340962
0.471933653579
0.477007622477
0.443090811821
0.447985428316
0.436980747553
0.464029576385
0.471959634535
0.475113876205
0.492892392748
0.483065794675
0.492971802282
0.46397908114
0.463987950983
0.431934645325
0.464057582737
0.46401896051
0.466885805319
0.437054918991
0.432053096134
0.482995883555
0.453014070224
0.442982697522
0.484982728252
0.504041156069
0.463996960508
0.463954776375
0.480026930797
0.37899097511
0.468947869073
0.456055657912
0.503943378279
0.45096401917
0.477082771693
0.432015661208
0.496000120127
0.426909425639
0.453002686096
0.456077797597
0.47990854983
0.475032580957
0.424081971312
0.51998438349
0.493081802296
0.471905158337
0.439959408249
0.439994328888
0.440060887627
0.48004676572
0.471970390091
0.450987555681
0.452987949586
0.439914989196
0.435092867948
0.476990441523
0.450966603297
0.428974003679
0.48806531277
0.495998234412
0.482881693064
0.453119460714
0.434945013961
0.444949846978
0.472462002852
0.439665935196
0.447897079098
0.491090278234
0.428887889383
0.496007523303
0.464066033532
0.439997960635
0.483014251811
0.440037840005
0.484882366334
0.480097749854
0.442836380043
0.437191039643
0.455979810283
0.471879386905
0.480060105404
0.487946861962
0.448031174353
0.459061696389
0.447949250533
0.477048898673
0.423939634786
0.488118601666
0.463910008116
0.474954358724
0.477094225663
0.45595068647
0.480067438739
0.474985368252
0.471986802792
0.440018424129
0.484938867929
0.472062510738
0.488203458819
0.415816465501
0.455986235681
0.459031455115
0.444877491413
0.459080134486
0.468977272251
0.464014630351
0.42697828914
0.468967634155
0.459070007501
0.50096786044
0.440023173336
0.467653221289
0.484360582141
0.474914339672
0.453137898811
0.434824048867
0.477117482809
0.456029607115
0.46396650971
0.448396095034
0.439646309796
0.471971786917
0.448003098159
0.511963880884
0.440025687622
0.456318959533
0.46669143704
0.428986714792
0.466989030729
0.484905274274
0.443987503998
0.476105762045
0.447966082281
0.456202673804
0.447808101309
0.43503231556
0.461024864892
0.471959774217
0.463961341455
0.495982031236
0.464071341469
0.439909262211
0.496096570933
0.447984729903
0.402992209904
0.477008181207
0.496038882037
0.479873279984
0.480087972075
0.455901937257
0.464110452585
0.455993638856
0.432010143747
0.463974192251
0.514982490791
0.461012642668
0.488016633399
0.464010928763
0.459008896382
0.4609499252
0.463957989074
0.44810199341
0.487975985775
0.456077588073
0.479955692693
0.463975309711
0.467125919635
0.452863981316
