0
4.0
0.375
0.375
1.0
0.25
0.375
0.375
0.5
0.375
0.375
0.375
0.375
1.0
0.25
0.375
0.375
0.5
0.375
0.375
0.375
0.375
1.0
0.25
0.375
0.375
0.5
0.375
0.375
0.375
0.375
1.0
2.25
0.375
0.375
1.0
0.25
0.375
0.375
0.5
0.375
0.375
0.375
0.375
1.0
0.25
0.375
0.375
0.5
0.375
0.375
0.375
0.375
1.0
0.25
0.375
0.375
0.5
0.375
0.375
0.375
0.375
3.25
0.375
0.125
0.25
0.25
0.75
0.25
0.375
0.3875
0.4875
0.375
0.375
0.375
0.125
0.25
0.25
0.75
0.25
0.375
0.3875
0.4875
0.375
0.375
0.375
0.125
0.25
0.25
0.75
0.25
0.375
0.3875
0.4875
0.375
0.375
0.375
0.125
0.25
0.25
0.75
0.125
0.125
0.375
0.3875
0.4875
0.25
0.25
0.25
0.375
0.125
0.25
0.25
0.75
0.25
0.375
0.3875
0.4875
0.375
0.375
0.375
0.125
0.25
0.25
0.75
0.25
0.375
0.3875
0.4875
0.375
0.375
0.375
0.125
0.25
0.25
0.75
0.25
0.375
0.3875
0.4875
0.375
0.375
0.375
0.125
0.25
0.25
0.75
0.125
0.125
0.375
0.3875
0.4875
0.25
0.25
0.25
0.375
0.375
1.0
0.25
0.375
0.375
0.5
0.375
0.375
0.375
0.375
1.0
0.25
0.375
0.375
0.5
0.375
0.375
0.375
0.375
1.0
0.25
0.375
0.375
0.5
0.375
0.375
0.375
0.375
1.0
2.25
0.375
0.375
1.0
0.25
0.375
0.375
0.5
0.375
0.375
0.375
0.375
1.0
0.25
0.375
0.375
0.5
0.375
0.375
0.375
0.375
1.0
0.25
0.375
0.375
0.5
0.375
2.375
0.375
1.625
0.375
0.125
0.25
0.25
0.75
0.25
0.375
0.3875
0.4875
0.375
0.375
0.375
0.125
0.25
0.25
0.75
0.25
0.375
0.3875
0.4875
0.375
0.375
0.375
0.125
0.25
0.25
0.75
0.25
0.375
0.3875
0.4875
0.375
0.375
0.375
0.125
0.25
0.25
0.75
0.125
0.125
0.375
0.3875
0.4875
0.25
0.25
0.25
0.375
0.125
0.25
0.25
0.75
0.25
0.375
0.3875
0.4875
0.375
0.375
0.375
0.125
0.25
0.25
0.75
0.25
0.375
0.3875
0.4875
0.375
0.375
0.375
0.125
0.25
0.25
0.75
0.25
0.375
0.3875
0.4875
0.375
0.375
0.375
0.125
0.25
0.25
0.75
0.125
0.125
0.375
0.3875
0.4875
0.25
0.25
36.25
0.375
0.125
0.25
0.25
0.75
0.25
0.375
0.3875
0.4875
0.375
0.375
0.375
0.125
0.25
0.25
0.75
0.25
0.375
0.3875
0.4875
0.375
0.375
0.375
0.125
0.25
0.25
0.75
0.25
0.375
0.3875
0.4875
0.375
0.375
0.375
0.125
0.25
0.25
0.75
0.125
0.125
0.375
0.3875
0.4875
0.25
0.25
0.25
0.375
0.125
0.25
0.25
0.75
0.25
0.375
0.3875
0.4875
0.375
0.375
0.375
0.125
0.25
0.25
0.75
0.25
0.375
0.3875
0.4875
0.375
0.375
0.375
0.125
0.25
0.25
0.75
0.25
0.375
0.3875
0.4875
0.375
0.375
0.375
0.125
0.25
0.25
0.75
0.125
0.125
0.375
0.3875
0.4875
0.25
0.25
