0
4.0
0.25
0.25
0.25
0.25
0.25
0.25
0.25
0.25
0.5
0.25
0.25
0.25
0.25
0.25
0.25
0.25
0.25
0.25
0.25
0.25
0.25
0.25
0.25
0.25
0.25
0.25
0.25
0.25
0.25
0.25
0.25
0.5
0.25
0.25
0.5
0.25
0.25
0.25
0.25
0.25
0.5
0.25
0.25
0.25
0.5
0.25
0.25
0.25
0.25
0.5
0.25
0.5
0.5
0.25
0.25
0.25
0.125
0.125
0.25
0.25
0.25
0.5
0.5
0.125
0.125
0.25
0.25
0.25
0.5
0.5
0.25
0.125
0.125
0.25
0.25
0.5
1.75
0.25
0.25
0.25
0.125
0.125
0.25
0.125
0.125
0.25
0.5
0.5
0.125
0.125
0.25
0.25
0.25
0.5
0.5
0.125
0.125
0.125
0.125
0.125
0.125
0.125
0.125
1.0
1.5
0.5
0.5
0.25
0.25
0.5
0.25
0.25
0.25
0.25
0.25
0.25
0.5
0.5
0.5
0.25
0.25
0.5
0.25
0.25
0.25
0.25
0.5
0.5
0.5
0.5
0.25
0.25
0.5
0.25
0.25
0.25
0.25
0.5
0.5
0.5
0.375
0.375
0.25
1.0
0.375
0.375
0.25
0.5
0.5
0.5
0.25
0.25
0.5
0.25
0.25
0.25
0.25
0.25
0.25
0.5
0.5
0.5
0.25
0.25
0.5
0.25
0.25
0.25
0.25
0.5
0.5
0.5
0.5
0.25
0.25
0.5
0.25
0.25
0.25
0.25
0.5
0.5
0.5
0.375
0.375
0.25
1.0
0.375
0.375
0.25
0.25
0.25
0.25
0.25
0.5
0.25
0.25
0.5
0.25
0.25
0.25
0.25
0.25
0.5
0.25
0.25
0.25
0.25
0.25
0.25
0.25
0.25
0.25
0.25
0.25
0.25
0.25
0.25
0.5
0.25
0.25
0.25
0.125
0.125
0.25
0.25
0.25
0.5
0.25
0.25
0.25
0.25
0.25
0.25
0.5
0.25
0.25
0.25
0.25
0.25
0.25
0.25
0.25
0.25
0.25
0.25
0.25
0.25
0.25
0.25
0.25
0.125
0.125
0.125
0.125
0.125
0.125
0.125
0.125
0.25
0.25
0.5
0.5
0.25
0.125
0.125
0.125
0.125
0.25
0.5
0.25
0.125
0.125
0.125
0.125
0.125
0.125
0.125
0.125
0.25
0.5
1.75
0.25
0.25
0.25
0.125
0.125
0.125
0.125
0.25
0.25
0.5
0.25
0.125
0.125
0.125
0.375
0.25
0.25
0.5
0.5
0.25
0.25
0.25
0.25
0.5
0.5
0.25
0.25
0.25
0.25
0.5
0.5
0.5
0.25
0.25
0.5
0.25
0.25
0.25
0.25
0.25
0.25
0.5
0.5
0.5
0.25
0.25
0.5
0.25
0.25
0.25
0.25
0.5
0.5
0.5
0.5
0.25
0.25
0.5
0.25
0.25
0.25
0.25
0.5
0.5
0.5
0.375
0.375
0.25
1.0
0.375
0.375
0.25
0.5
0.5
0.5
0.25
0.25
0.5
0.25
0.25
0.25
0.25
0.25
0.25
0.5
0.5
0.5
0.25
0.25
0.5
0.25
0.25
0.25
0.25
0.5
0.5
0.5
0.5
0.25
0.25
0.5
0.25
0.25
0.25
0.25
0.5
0.5
0.5
0.375
0.375
0.25
1.0
0.375
0.375
0.25
0.5
0.5
0.5
0.25
0.5
0.5
0.75
0.25
0.5
0.5
0.75
0.25
0.5
0.5
0.5
0.25
0.25
0.5
1.25
0.25
0.5
0.5
0.75
0.25
0.5
0.5
0.75
0.25
0.5
0.5
0.5
0.25
0.25
0.5
0.25
0.5
0.5
0.25
0.5
0.5
0.75
0.25
0.5
0.5
0.75
0.25
0.5
0.5
0.5
0.25
0.25
0.5
1.25
0.25
0.5
0.5
0.75
0.25
0.5
0.5
0.75
0.25
0.5
0.5
1.75
0.25
0.25
0.25
0.25
0.5
0.5
0.25
0.5
0.5
0.75
0.5
0.5
0.25
0.25
0.5
0.25
0.25
0.25
0.25
0.25
0.25
0.5
0.5
0.5
0.25
0.25
0.5
0.25
0.25
0.25
0.25
0.5
0.5
0.5
0.5
0.25
0.25
0.5
0.25
0.25
0.25
0.25
0.5
0.5
0.5
0.375
0.375
0.25
1.0
0.375
0.375
0.25
0.5
0.5
0.5
0.25
0.25
0.5
0.25
0.25
0.25
0.25
0.25
0.25
0.5
0.5
0.5
0.25
0.25
0.5
0.25
0.25
0.25
0.25
0.5
0.5
0.5
0.5
0.25
0.25
0.5
0.25
0.25
0.25
0.25
0.5
0.5
0.5
0.375
0.375
0.25
1.0
0.375
0.375
0.25
