0.0
0.447966361647
0.463990744634
0.463943252564
0.464066382739
0.456012356319
0.495911142338
0.459094102742
0.46892971034
0.439136049414
0.480969438853
0.439951795549
0.479976435553
0.423912047481
0.480111508586
0.464037817656
0.466936579928
0.45466057837
0.478367851221
0.455995734095
0.472007405969
0.431978924696
0.463953798597
0.432001623111
0.480121356206
0.439923300308
0.479938092691
0.464069036707
0.496033993147
0.44796000609
0.488014608002
0.45608233728
0.479857286331
0.47206209169
0.456006629334
0.46399493511
0.496001097905
0.455932807103
0.467345710139
0.468706078566
0.480019946669
0.447945199739
0.475062193659
0.429012695748
0.504031587814
0.410940845834
0.47705804788
0.455936159484
0.456053073785
0.463998776381
0.455882591223
0.456050489657
0.455999435682
0.443026348321
0.452991511491
0.456024508702
0.48001016889
0.453775689368
0.461202960153
0.452988927364
0.479980695871
0.440037281275
0.463965252567
0.44006870985
0.471880574207
0.480063527627
0.464019519241
0.431975362791
0.488019776256
0.455983232506
0.424023863368
0.467001183111
0.500980990601
0.472005450413
0.463987601776
0.440016678097
0.495921269323
0.456015080129
0.456020178542
0.456066134104
0.472035621846
0.479982930791
0.44794855212
0.448025098162
0.431965026281
0.456013683303
0.456075492835
0.442949662597
0.471989177395
0.468925450022
0.463997589079
0.459048496387
0.461007614096
0.456006838858
0.435021560003
0.508995207491
0.463968046218
0.46700656089
0.445016964447
0.443005256255
0.516998249778
0.431989331046
0.471987151998
0.480011286351
0.463987112887
0.43990542094
0.456097143631
0.447996952127
0.483003496254
0.412998300063
0.456024648384
0.482917940688
0.480065692707
0.428990276697
0.46402657321
0.455970661076
0.479962606979
0.448015948954
0.464044382736
0.431981927871
0.487993096888
0.472011456763
0.432025299305
0.488026830226
0.487957477836
0.87213032662
0.464169817672
0.495745967714
0.480002556191
0.447955745772
0.423994320507
0.463986065268
0.456013334097
0.474993539682
0.456025067432
0.484977210791
0.456018292828
0.455970591234
0.440430138467
0.495538888322
0.448482279172
0.463616046173
0.464278001813
0.479680518055
0.456019130923
0.471957678979
0.448012177525
0.475017215875
0.460917937894
0.472041767878
0.431048569022
0.464967405075
0.464139227192
0.455802762642
0.448072869597
0.480037756195
0.471993926602
0.45602499759
0.534891236177
0.572038625021
0.404994629206
0.408027696257
0.402980965458
0.477075787565
0.431965096123
0.455962769011
0.471992878983
0.464005900191
0.448005402921
0.431992613586
0.459001004318
0.509018744002
0.456005442032
0.479978810156
0.466991125967
0.477016073272
0.479983629204
0.472021025019
0.439993839999
0.463990744634
0.440006900318
0.455999226159
0.44798787276
0.50393688304
0.448072241025
0.447926831483
0.480100473664
0.447995694984
0.447978444188
0.472003913905
0.455994267428
0.520022027939
0.464019938288
0.439992024126
0.399996019047
0.463996262095
0.479978600632
0.440018493971
0.467045532323
0.492943097517
0.479990613332
0.440050760641
0.431946448501
0.487992328634
0.46400366527
0.480009121271
0.455939162659
0.456053562673
0.440017306669
0.455994197587
0.487989325459
0.487989534983
0.480032657782
0.432001692953
0.450975403298
0.453027270226
0.471979329775
0.439959198725
0.472031221845
0.480019387939
0.480011845081
0.471997907555
0.455973315044
0.435056271118
0.428954657645
0.439944811422
0.447987733078
0.5040505148
0.424010384001
0.480015267304
0.463992001777
0.456004813461
0.456001600762
0.467001811683
0.932927718467
0.408100331187
0.488042614355
0.471941615485
0.471966758345
0.45610692141
0.472001399619
0.471908371036
0.432009934223
0.482974512124
0.461036179179
0.439999008254
0.471973532949
0.463999754159
0.307064724707
0.50087553027
0.200047771435
0.435003052064
0.764999532063
0.208075118486
0.226866054205
0.205076762549
0.191987738665
0.208007581969
0.384007394795
0.472003774223
0.456020248384
0.479956460947
0.434943407612
0.47608746363
0.472982809268
0.472016625018
0.459044655117
0.444920653323
0.47996644825
0.480043622863
0.455970940441
0.456037219814
0.504058057658
0.447962450535
0.487976544505
0.447978094981
0.448061904516
0.45898640749
0.455993149967
0.472109234554
0.460877220429
0.480022949844
0.431969705647
0.439992582856
0.472001539302
0.479993267301
0.42401031416
0.47193428215
1.032091439
0.183988467808
0.183985255109
0.176035920766
0.175963984249
0.163031893718
0.156970858028
0.178990765586
0.540996202031
0.178998168762
0.197032513909
0.191984945014
0.319932910468
0.456050140451
0.520015183494
0.18400935035
0.186993318983
0.188992316063
0.184077166232
0.159920813958
0.192031529147
0.298986882411
0.452958336884
0.200022698416
0.176037387433
0.191954284693
0.176036269973
0.159969982218
0.152004165334
0.336012258541
0.496137637605
0.439798144736
0.419075050041
0.44797090133
0.469048719879
0.464075392264
0.439888798716
0.467195341866
0.476829806582
0.447997231492
0.471961450408
0.44003651302
0.48797137625
0.464158992274
0.455841245186
0.488023547686
0.471982612315
0.491038595687
0.444924075546
0.432040804069
0.447983612442
0.432687953357
0.447321307596
0.472027869464
0.455915276942
0.488078373089
0.423980910982
0.464000592254
0.455927988054
0.49600025981
0.459079994804
0.477167070116
0.456690026246
0.455200381613
0.439889147922
0.464051087499
0.479984886347
0.451016889018
0.452992978158
0.463957360503
0.496025542352
0.440000824127
0.440059490801
0.426982898664
0.485030499686
0.503912438592
0.440087008265
0.471937215484
0.472050009149
0.443010564192
0.460944128374
0.456012915049
0.512007671366
0.459020559876
0.420987932824
0.463970071615
0.496025612194
0.456009003938
0.431992543745
0.455971638854
0.487991909586
0.471972275806
0.43206329296
0.4799888673
0.439979103489
0.496021142352
0.423983634792
0.46403041448
0.49601450743
0.463964973202
0.456037848386
0.466965284694
0.477014466922
0.466980510093
0.429009203684
0.439988392379
0.488004620699
0.488018588955
0.41593114488
0.503999321143
0.472051196451
0.448080063248
0.423945990342
0.399956209518
0.488014538161
0.479999902222
0.432008327874
0.479993267301
0.472108256776
0.471873450397
0.459018534479
0.44501221524
0.479917349831
0.480099495886
0.426986670094
0.468963513519
0.464008484319
0.472038764703
0.43997037333
0.471028440766
0.523987545903
0.428990206856
0.440011230478
0.464007436699
0.44799332038
0.455995384888
0.447918799736
0.464101443061
0.455960743614
0.48800797308
0.496288075719
0.479701819645
0.472009920255
0.279945286342
